nonDeferLoad2 = [1.38938944400000;1.49318250000000;1.32726083300000;1.21995388900000;1.27473555600000;1.06642388900000;1.44037138900000;1.49795583300000;0.808851389000000;0.905460556000000;1.24387305600000;2.74915694400000;2.36284555600000;2.31210555600000;2.33886916700000;2.37187305600000;4.56654166700000;4.55342666700000;1.58555111100000;1.49649722200000;1.72757472200000;1.78284583300000;1.89509444400000;2.60243333300000];